Market	Month Name	Year	Arrival (q)	Price Minimum (Rs/q)	Price Maximum (Rs/q)	Modal Price (Rs/q)
BANGALORE	January	2004	227832	916	1066	991
BANGALORE	January	2005	335679	470	597	522
BANGALORE	January	2006	412185	286	617	537
BANGALORE	January	2007	268268	586	1167	942
BANGALORE	January	2008	393806	174	671	472
BANGALORE	January	2009	374380	848	1554	1328
BANGALORE	January	2010	423649	502	1837	1267
BANGALORE	January	2011	375695	2029	3167	2731
BANGALORE	January	2012	531906	161	736	583
BANGALORE	January	2013	426367	857	1830	1551
BANGALORE	January	2014	606710	404	1296	1094
BANGALORE	January	2015	583681	313	1967	1602
BANGALORE	January	2016	507223	200	1943	1448
BANGALORE	January	2017	515398	195	1060	834
BANGALORE	February	2004	225133	741	870	793
BANGALORE	February	2005	279047	433	543	485
BANGALORE	February	2006	317020	223	432	405
BANGALORE	February	2007	240681	759	1370	1122
BANGALORE	February	2008	268281	161	534	461
BANGALORE	February	2009	296311	727	1390	1250
BANGALORE	February	2010	316685	495	1429	1011
BANGALORE	February	2011	367503	1082	1300	1186
BANGALORE	February	2012	363037	185	696	524
BANGALORE	February	2013	351372	966	1873	1537
BANGALORE	February	2014	522132	296	1017	797
BANGALORE	February	2015	405716	609	2018	1662
BANGALORE	February	2016	465640	200	1426	1027
BANGALORE	February	2017	388022	263	1034	877
BANGALORE	March	2004	221952	527	586	556
BANGALORE	March	2005	269609	362	441	398
BANGALORE	March	2006	337968	224	371	353
BANGALORE	March	2007	220832	525	923	828
BANGALORE	March	2008	271493	221	555	454
BANGALORE	March	2009	329870	543	930	801
BANGALORE	March	2010	368644	386	895	661
BANGALORE	March	2011	398464	611	748	683
BANGALORE	March	2012	386843	220	704	559
BANGALORE	March	2013	378399	615	1360	1123
BANGALORE	March	2014	683236	294	1078	748
BANGALORE	March	2015	443687	638	1660	1450
BANGALORE	March	2016	444696	200	1075	750
BANGALORE	March	2017	537899	510	940	797
BANGALORE	April	2004	185150	419	518	465
BANGALORE	April	2005	300428	375	450	417
BANGALORE	April	2006	329630	203	372	348
BANGALORE	April	2007	221698	502	683	626
BANGALORE	April	2008	323078	193	467	386
BANGALORE	April	2009	314900	350	691	536
BANGALORE	April	2010	404805	287	730	545
BANGALORE	April	2011	372716	505	701	645
BANGALORE	April	2012	376769	305	726	596
BANGALORE	April	2013	377960	579	1213	1026
BANGALORE	April	2014	697423	307	1166	712
BANGALORE	April	2015	468522	552	1564	1385
BANGALORE	April	2016	426567	200	1102	753
BANGALORE	April	2017	395360	535	855	712
BANGALORE	May	2004	137390	400	516	455
BANGALORE	May	2005	313052	397	453	419
BANGALORE	May	2006	383165	196	338	320
BANGALORE	May	2007	311532	504	700	644
BANGALORE	May	2008	358169	188	519	456
BANGALORE	May	2009	306002	394	682	551
BANGALORE	May	2010	395519	306	827	564
BANGALORE	May	2011	372034	557	743	661
BANGALORE	May	2012	407188	260	707	599
BANGALORE	May	2013	384205	566	1330	1149
BANGALORE	May	2014	591250	250	1495	941
BANGALORE	May	2015	420072	413	1904	1567
BANGALORE	May	2016	465936	218	1111	803
BANGALORE	May	2017	535176	488	827	666
BANGALORE	June	2004	311445	486	621	551
BANGALORE	June	2005	298906	413	520	439
BANGALORE	June	2006	323823	298	455	433
BANGALORE	June	2007	264983	845	1004	935
BANGALORE	June	2008	340708	240	590	483
BANGALORE	June	2009	301310	436	902	742
BANGALORE	June	2010	362618	324	958	630
BANGALORE	June	2011	368576	622	1000	847
BANGALORE	June	2012	402256	334	832	688
BANGALORE	June	2013	337186	843	1840	1517
BANGALORE	June	2014	496447	621	2296	1791
BANGALORE	June	2015	485652	940	2356	2068
BANGALORE	June	2016	418794	187	1276	903
BANGALORE	June	2017	466825	640	1113	819
BANGALORE	July	2004	157022	439	606	525
BANGALORE	July	2005	63824	422	598	455
BANGALORE	July	2006	301129	309	498	472
BANGALORE	July	2007	212955	925	1173	1043
BANGALORE	July	2008	302969	536	884	766
BANGALORE	July	2009	335728	512	886	721
BANGALORE	July	2010	376400	366	995	689
BANGALORE	July	2011	349686	844	1136	979
BANGALORE	July	2012	389497	387	901	784
BANGALORE	July	2013	349474	1404	2547	2241
BANGALORE	July	2014	399867	1294	2740	2426
BANGALORE	July	2015	505717	1192	2800	2432
BANGALORE	July	2016	452828	200	1272	985
BANGALORE	July	2017	471560	659	1146	890
BANGALORE	August	2004	251984	476	621	549
BANGALORE	August	2005	166881	760	929	844
BANGALORE	August	2006	294549	313	505	479
BANGALORE	August	2007	319176	974	1355	1179
BANGALORE	August	2008	354029	696	1013	919
BANGALORE	August	2009	398915	532	911	720
BANGALORE	August	2010	439552	482	1150	803
BANGALORE	August	2011	415124	949	1414	1183
BANGALORE	August	2012	471034	426	1035	870
BANGALORE	August	2013	511174	1349	4198	3319
BANGALORE	August	2014	440875	905	2485	2130
BANGALORE	August	2015	562187	1322	4578	2928
BANGALORE	August	2016	562522	200	1208	897
BANGALORE	August	2017	287795	1536	2577	2033
BANGALORE	September	2004	662382	343	441	392
BANGALORE	September	2005	508155	766	985	910
BANGALORE	September	2006	423605	273	563	516
BANGALORE	September	2007	724493	722	1104	965
BANGALORE	September	2008	545344	268	805	674
BANGALORE	September	2009	591662	455	950	794
BANGALORE	September	2010	607514	979	1303	1145
BANGALORE	September	2011	713765	488	1427	1095
BANGALORE	September	2012	691674	334	1021	782
BANGALORE	September	2013	1289187	1709	4502	3196
BANGALORE	September	2014	941818	808	2185	1715
BANGALORE	September	2015	1194608	870	3734	3140
BANGALORE	September	2016	831895	195	1048	758
BANGALORE	September	2017	346612	1229	2167	1578
BANGALORE	October	2004	1171846	441	552	505
BANGALORE	October	2005	886683	530	1132	1033
BANGALORE	October	2006	646991	239	558	495
BANGALORE	October	2007	1437923	409	1323	1043
BANGALORE	October	2008	1029528	175	763	601
BANGALORE	October	2009	1040347	423	1682	1273
BANGALORE	October	2010	1059835	1050	1455	1318
BANGALORE	October	2011	1115174	370	1196	981
BANGALORE	October	2012	1098253	479	1203	987
BANGALORE	October	2013	1639032	2213	4698	3430
BANGALORE	October	2014	1412686	605	2037	1546
BANGALORE	October	2015	1612160	385	3365	2215
BANGALORE	October	2016	1620273	216	1103	680
BANGALORE	October	2017	1025954	1435	3135	2189
BANGALORE	November	2004	724140	433	553	494
BANGALORE	November	2005	775223	387	1518	950
BANGALORE	November	2006	1016812	165	502	416
BANGALORE	November	2007	940095	235	1059	811
BANGALORE	November	2008	782498	486	1090	926
BANGALORE	November	2009	720428	570	2186	1444
BANGALORE	November	2010	661830	1330	2055	1718
BANGALORE	November	2011	970352	384	1250	1048
BANGALORE	November	2012	903459	647	1736	1468
BANGALORE	November	2013	710266	960	4043	2709
BANGALORE	November	2014	1235389	145	2309	1403
BANGALORE	November	2015	1071872	205	3138	1618
BANGALORE	November	2016	1974018	196	1465	881
BANGALORE	November	2017	33253	1500	4200	3024
BANGALORE	December	2004	380379	404	581	476
BANGALORE	December	2005	684732	307	828	673
BANGALORE	December	2006	659518	273	462	391
BANGALORE	December	2007	721043	237	880	642
BANGALORE	December	2008	523198	613	1217	1007
BANGALORE	December	2009	550062	544	2458	1491
BANGALORE	December	2010	662016	2377	3290	2802
BANGALORE	December	2011	706820	294	973	754
BANGALORE	December	2012	515118	874	1852	1524
BANGALORE	December	2013	628220	655	2118	1504
BANGALORE	December	2014	842653	312	2212	1386
BANGALORE	December	2015	513186	217	2030	1343
BANGALORE	December	2016	947081	192	1315	875
